
sumX =

        1000


A =

     2     4     6
     1     7     5
     3    12     4


b =

    -2
     3
    10


C =

    29
   133
    43


D =

   -3.2505
    0.3961
    0.8037


E =

   205


F0 =

     2     4     6
     3    12     4


F =

     2     4
     3    12


x =

   -0.1622
    1.2432
   -1.1081


A =

    9.3789    8.4714   12.6792
   -2.7076    4.3553   10.5473
   11.3860   10.9712    4.3896
    9.0201    6.9647   10.2302
    9.0189    5.8578    3.8072

     0     0     1
     0     0     1
     1     1     0
     0     0     1
     0     0     0


betahat =

    0.0817
    0.1201
    0.1399
    0.0295


stderr =

    0.0167
    0.0063
    0.0085
    0.0018

HW1

sumX =

        1000


A =

     2     4     6
     1     7     5
     3    12     4


b =

    -2
     3
    10


C =

    29
   133
    43


D =

   -3.2505
    0.3961
    0.8037


E =

   205


F0 =

     2     4     6
     3    12     4


F =

     2     4
     3    12


x =

   -0.1622
    1.2432
   -1.1081


A =

    9.3789    8.4714   12.6792
   -2.7076    4.3553   10.5473
   11.3860   10.9712    4.3896
    9.0201    6.9647   10.2302
    9.0189    5.8578    3.8072

     0     0     1
     0     0     1
     1     1     0
     0     0     1
     0     0     0


betahat =

    0.0817
    0.1201
    0.1399
    0.0295


stderr =

    0.0167
    0.0063
    0.0085
    0.0018

